[2498.1135603167713,
 1293.7774523911348,
 792.723463026081,
 649.9266570480959,
 492.9443311862887,
 362.86608881444363,
 305.83592408205834,
 288.10286282972413,
 238.55045081259115,
 2497.990517122937,
 1294.2984174853177,
 788.2693490065562,
 613.4277688638438,
 462.9263558248374,
 413.8912004485181,
 347.8047855305533,
 301.7954285516597,
 251.74757375196015]

 [1921.033485856206,
  1293.7774523911348,
  792.723463026081,
  613.4277688638438,
  476.118751676353,
  396.4565140145376,
  349.72323181326914,
  294.25447149244746,
  182.79309599397772,
  1921.033485856206,
  1294.2984174853177,
  788.2693490065562,
  651.4033302031507,
  476.2965705269665,
  367.66584649464943,
  289.9327260448383,
  277.39143397662207,
  260.0401982909563]
